60
# rooms
3 100 100
49 150 150
115 200 200
114 250 250
113 300 300
110 350 350
109 400 400
108 450 450
107 500 500
106 550 550
105 600 600
104 650 650
103 700 700
102 750 750
101 800 200
100 850 700
99 900 750
98 950 750
95 100 150
94 150 200
93 150 300
92 200 450
91 200 700
90 200 100
89 100 750
88 400 100
87 400 200
86 300 700
85 300 200
84 300 400
83 300 100
82 400 500
81 400 600
79 400 700
78 400 750
77 450 650
76 450 200
75 250 700
74 250 650
73 550 250
72 550 400
70 550 750
69 800 200
68 800 350
67 800 550
2 950 450
65 950 350
64 950 100
63 1100 300
62 1100 550
61 1100 750
60 1200 300
59 1200 450
58 1200 100
57 1200 750
56 1350 250
55 1350 100
54 1350 600
53 1250 500
52 1250 400
51 1250 300
50 1000 200
48 1000 600
47 1000 700
46 1050 250
45 1050 150
44 1050 300
43 1050 700
42 1400 100
41 1400 700
40 1400 550
39 1400 750
38 1400 300
37 700 200
36 700 100
35 700 350
34 700 600
33 750 400
32 750 450
31 150 700
30 150 450
29 150 550
28 150 650
27 900 350
26 900 200
25 900 100
24 900 600
23 900 500
22 900 700
21 1150 200
20 1150 150
19 1150 100
18 1150 400
17 1150 450
16 1150 600
15 1150 650
14 1150 700
13 1300 350
12 1300 300
10 1300 500
9 1300 550
8 1300 600
7 1300 650
6 1300 700
1 100 300
4 100 550
##end
goal 47 47
##start
0 800 400
# links
3-49
3-0
49-12
115-114
115-108
115-107
115-106
114-113
114-107
114-106
114-105
113-107
113-106
113-105
113-104
108-107
108-106
108-105
108-104
107-104
106-104
105-104
103-102
103-100
102-101
101-90
100-99
99-98
98-95
94-93
93-92
92-91
91-90
89-86
89-8
88-87
88-9
87-63
86-65
85-84
85-9
84-83
83-82
82-81
81-48
79-78
79-77
79-76
79-7
78-76
77-76
76-75
76-74
75-73
74-73
73-72
73-70
72-54
70-69
69-68
68-67
67-2
2-0
65-64
64-56
63-62
62-61
61-60
60-55
59-58
59-22
58-57
57-16
56-48
55-47
54-46
53-46
53-6
52-45
52-0
51-48
51-1
50-47
50-4
48-47
47-46
46-45
44-43
44-25
43-42
43-23
43-22
42-21
42-20
41-40
40-13
39-38
39-10
38-37
37-36
36-35
35-34
34-33
33-32
32-31
31-30
30-29
29-28
28-27
27-26
26-25
25-24
24-23
23-22
22-21
21-20
20-19
19-18
18-17
17-16
16-15
15-14
14-13
13-12
10-goal
9-goal
8-goal
7-goal
6-0
1-0
4-0
